[ 'анфуса',
  'беркутов',
  'влас',
  'глафира',
  'горецкий',
  'корнилий',
  'купавина',
  'лакей',
  'лыняев',
  'маляр',
  'мурзавецкая',
  'мурзавецкий',
  'павлин',
  'подрядчик',
  'староста',
  'столяр',
  'чугунов' ]
matrix { 'анфуса': 
   [ [ 0, 0, 0, 0, 0, 0, 0, 0, 1, 1, 1, 0 ],
     [ 0, 1, 1, 1, 0, 1, 1, 0, 0, 0 ],
     [ 1, 1, 1, 1, 1, 1, 0, 1, 1 ],
     [ 1, 1, 1, 0, 0, 0, 0, 0, 0, 0 ],
     [ 0, 0, 0, 0, 0, 1, 1, 0, 0, 0, 1, 0 ] ],
  'беркутов': 
   [ [ 0, 0, 0, 0, 0, 0, 0, 0, 0, 0, 0, 0 ],
     [ 0, 0, 0, 0, 0, 0, 0, 0, 0, 0 ],
     [ 0, 0, 0, 0, 0, 0, 0, 0, 0 ],
     [ 0, 1, 1, 1, 1, 1, 1, 1, 1, 1 ],
     [ 0, 0, 0, 1, 1, 1, 1, 1, 1, 1, 1, 0 ] ],
  'влас': 
   [ [ 0, 0, 0, 1, 1, 1, 0, 0, 0, 0, 0, 0 ],
     [ 0, 0, 0, 0, 0, 0, 0, 0, 0, 0 ],
     [ 0, 0, 0, 0, 0, 0, 0, 0, 0 ],
     [ 0, 0, 0, 0, 0, 0, 0, 0, 0, 0 ],
     [ 0, 0, 0, 0, 0, 0, 0, 0, 0, 0, 0, 0 ] ],
  'глафира': 
   [ [ 0, 0, 1, 0, 1, 1, 0, 0, 0, 0, 1, 1 ],
     [ 0, 1, 1, 0, 0, 1, 1, 1, 1, 1 ],
     [ 1, 1, 1, 0, 0, 1, 1, 1, 1 ],
     [ 1, 1, 0, 0, 0, 0, 0, 1, 1, 1 ],
     [ 0, 0, 0, 0, 0, 0, 0, 0, 0, 1, 1, 0 ] ],
  'горецкий': 
   [ [ 0, 0, 0, 0, 0, 0, 0, 0, 0, 0, 0, 0 ],
     [ 0, 0, 0, 0, 0, 0, 0, 0, 0, 0 ],
     [ 1, 0, 0, 0, 0, 1, 1, 0, 0 ],
     [ 0, 0, 0, 0, 1, 1, 0, 0, 0, 0 ],
     [ 0, 0, 0, 0, 0, 0, 0, 0, 0, 0, 0, 0 ] ],
  'корнилий': 
   [ [ 0, 1, 1, 0, 0, 0, 0, 0, 0, 0, 0, 0 ],
     [ 0, 0, 0, 0, 0, 0, 0, 0, 0, 0 ],
     [ 0, 0, 0, 0, 0, 0, 0, 0, 0 ],
     [ 0, 0, 0, 0, 0, 0, 0, 0, 0, 0 ],
     [ 0, 0, 0, 0, 0, 0, 0, 0, 0, 0, 0, 0 ] ],
  'купавина': 
   [ [ 0, 0, 0, 0, 0, 0, 0, 0, 0, 1, 1, 0 ],
     [ 1, 1, 1, 1, 1, 1, 1, 1, 1, 1 ],
     [ 1, 1, 1, 1, 0, 0, 0, 0, 0 ],
     [ 1, 1, 1, 1, 1, 1, 1, 1, 1, 1 ],
     [ 0, 0, 0, 0, 0, 1, 1, 1, 1, 1, 1, 0 ] ],
  'лакей': 
   [ [ 0, 0, 0, 0, 0, 0, 0, 0, 0, 0, 0, 0 ],
     [ 0, 0, 0, 0, 0, 0, 0, 0, 0, 0 ],
     [ 0, 0, 0, 0, 0, 0, 0, 0, 0 ],
     [ 1, 0, 0, 0, 1, 0, 0, 0, 0, 1 ],
     [ 0, 0, 0, 0, 0, 0, 0, 0, 0, 0, 0, 0 ] ],
  'лыняев': 
   [ [ 0, 0, 0, 0, 0, 0, 0, 0, 1, 1, 0, 0 ],
     [ 1, 1, 0, 0, 0, 0, 0, 0, 0, 0 ],
     [ 1, 1, 1, 1, 1, 1, 1, 1, 1 ],
     [ 0, 1, 1, 1, 0, 0, 1, 1, 1, 1 ],
     [ 0, 0, 0, 0, 0, 0, 0, 0, 0, 1, 1, 0 ] ],
  'маляр': 
   [ [ 1, 1, 1, 1, 0, 0, 0, 0, 0, 0, 0, 0 ],
     [ 0, 0, 0, 0, 0, 0, 0, 0, 0, 0 ],
     [ 0, 0, 0, 0, 0, 0, 0, 0, 0 ],
     [ 0, 0, 0, 0, 0, 0, 0, 0, 0, 0 ],
     [ 0, 0, 0, 0, 0, 0, 0, 0, 0, 0, 0, 0 ] ],
  'мурзавецкая': 
   [ [ 0, 0, 1, 0, 0, 1, 1, 1, 1, 1, 1, 1 ],
     [ 0, 1, 1, 1, 1, 1, 1, 0, 0, 0 ],
     [ 0, 0, 0, 0, 0, 0, 0, 0, 0 ],
     [ 0, 0, 0, 0, 0, 0, 0, 0, 0, 0 ],
     [ 1, 1, 1, 1, 1, 1, 1, 1, 1, 1, 1, 1 ] ],
  'мурзавецкий': 
   [ [ 0, 0, 0, 1, 1, 1, 1, 0, 0, 0, 0, 0 ],
     [ 0, 1, 1, 1, 1, 1, 1, 0, 0, 0 ],
     [ 0, 0, 0, 1, 1, 1, 0, 0, 0 ],
     [ 0, 0, 0, 0, 0, 0, 0, 0, 0, 0 ],
     [ 0, 1, 1, 0, 0, 0, 0, 0, 0, 0, 0, 1 ] ],
  'павлин': 
   [ [ 1, 1, 0, 1, 1, 1, 1, 1, 1, 1, 1, 1 ],
     [ 0, 0, 0, 0, 0, 0, 0, 0, 0, 0 ],
     [ 0, 0, 0, 0, 0, 0, 0, 0, 0 ],
     [ 0, 0, 0, 0, 0, 0, 0, 0, 0, 0 ],
     [ 1, 0, 0, 1, 0, 0, 0, 0, 0, 1, 1, 0 ] ],
  'подрядчик': 
   [ [ 1, 1, 1, 1, 0, 0, 0, 0, 0, 0, 0, 0 ],
     [ 0, 0, 0, 0, 0, 0, 0, 0, 0, 0 ],
     [ 0, 0, 0, 0, 0, 0, 0, 0, 0 ],
     [ 0, 0, 0, 0, 0, 0, 0, 0, 0, 0 ],
     [ 0, 0, 0, 0, 0, 0, 0, 0, 0, 0, 0, 0 ] ],
  'староста': 
   [ [ 1, 1, 1, 1, 0, 0, 0, 0, 0, 0, 0, 0 ],
     [ 0, 0, 0, 0, 0, 0, 0, 0, 0, 0 ],
     [ 0, 0, 0, 0, 0, 0, 0, 0, 0 ],
     [ 0, 0, 0, 0, 0, 0, 0, 0, 0, 0 ],
     [ 0, 0, 0, 0, 0, 0, 0, 0, 0, 0, 0, 0 ] ],
  'столяр': 
   [ [ 1, 1, 1, 1, 0, 0, 0, 0, 0, 0, 0, 0 ],
     [ 0, 0, 0, 0, 0, 0, 0, 0, 0, 0 ],
     [ 0, 0, 0, 0, 0, 0, 0, 0, 0 ],
     [ 0, 0, 0, 0, 0, 0, 0, 0, 0, 0 ],
     [ 0, 0, 0, 0, 0, 0, 0, 0, 0, 0, 0, 0 ] ],
  'чугунов': 
   [ [ 1, 1, 1, 1, 0, 0, 0, 1, 1, 0, 0, 0 ],
     [ 1, 0, 0, 0, 0, 0, 0, 0, 0, 0 ],
     [ 1, 0, 0, 0, 0, 0, 0, 0, 0 ],
     [ 0, 0, 0, 0, 0, 0, 0, 0, 0, 0 ],
     [ 1, 1, 1, 1, 1, 1, 0, 0, 1, 1, 1, 1 ] ] } 



mobility { 'анфуса': [ 13, 52, 0.25 ],
  'беркутов': [ 3, 52, 0.057692307692307696 ],
  'влас': [ 1, 52, 0.019230769230769232 ],
  'глафира': [ 15, 52, 0.28846153846153844 ],
  'горецкий': [ 5, 52, 0.09615384615384616 ],
  'корнилий': [ 1, 52, 0.019230769230769232 ],
  'купавина': [ 7, 52, 0.1346153846153846 ],
  'лакей': [ 5, 52, 0.09615384615384616 ],
  'лыняев': [ 11, 52, 0.21153846153846154 ],
  'маляр': [ 0, 52, 0 ],
  'мурзавецкая': [ 6, 52, 0.11538461538461539 ],
  'мурзавецкий': [ 8, 52, 0.15384615384615385 ],
  'павлин': [ 8, 52, 0.15384615384615385 ],
  'подрядчик': [ 0, 52, 0 ],
  'староста': [ 0, 52, 0 ],
  'столяр': [ 0, 52, 0 ],
  'чугунов': [ 9, 52, 0.17307692307692307 ] } 



business { 'анфуса': 22,
  'беркутов': 17,
  'влас': 3,
  'глафира': 26,
  'горецкий': 5,
  'корнилий': 2,
  'купавина': 32,
  'лакей': 3,
  'лыняев': 22,
  'маляр': 4,
  'мурзавецкая': 26,
  'мурзавецкий': 16,
  'павлин': 15,
  'подрядчик': 4,
  'староста': 4,
  'столяр': 4,
  'чугунов': 18 } 



scenes_densities [ [ 0.42857142857142855,
    0.5,
    0.5714285714285714,
    0.5714285714285714,
    0.2857142857142857,
    0.35714285714285715,
    0.21428571428571427,
    0.21428571428571427,
    0.35714285714285715,
    0.35714285714285715,
    0.35714285714285715,
    0.21428571428571427 ],
  [ 0.42857142857142855,
    0.8571428571428571,
    0.7142857142857143,
    0.5714285714285714,
    0.42857142857142855,
    0.7142857142857143,
    0.7142857142857143,
    0.2857142857142857,
    0.2857142857142857,
    0.2857142857142857 ],
  [ 0.8571428571428571,
    0.5714285714285714,
    0.5714285714285714,
    0.5714285714285714,
    0.42857142857142855,
    0.7142857142857143,
    0.42857142857142855,
    0.42857142857142855,
    0.42857142857142855 ],
  [ 0.5714285714285714,
    0.7142857142857143,
    0.5714285714285714,
    0.42857142857142855,
    0.5714285714285714,
    0.42857142857142855,
    0.42857142857142855,
    0.5714285714285714,
    0.5714285714285714,
    0.7142857142857143 ],
  [ 0.3333333333333333,
    0.3333333333333333,
    0.3333333333333333,
    0.4444444444444444,
    0.3333333333333333,
    0.5555555555555556,
    0.4444444444444444,
    0.3333333333333333,
    0.4444444444444444,
    0.7777777777777778,
    0.8888888888888888,
    0.3333333333333333 ] ] 



acts_densities [ 0.36904761904761907,
  0.5285714285714286,
  0.5555555555555556,
  0.5571428571428572,
  0.46296296296296297 ] 



drama_density 0.24750277469478357 



distances by act { 'анфуса': 
   { 'анфуса': [ 0, 0, 0, 0, 0 ],
     'беркутов': [ 0.25, 0.5, 0.8888888888888888, 0.8, 0.4166666666666667 ],
     'влас': [ 0.5, 0.5, 0.8888888888888888, 0.3, 0.25 ],
     'глафира': [ 0.5, 0.4, 0.3333333333333333, 0.4, 0.25 ],
     'горецкий': [ 0.25, 0.5, 0.7777777777777778, 0.5, 0.25 ],
     'корнилий': [ 0.4166666666666667, 0.5, 0.8888888888888888, 0.3, 0.25 ],
     'купавина': [ 0.08333333333333333, 0.5, 0.4444444444444444, 0.7, 0.25 ],
     'лакей': [ 0.25, 0.5, 0.8888888888888888, 0.4, 0.25 ],
     'лыняев': [ 0.08333333333333333, 0.5, 0.1111111111111111, 0.6, 0.25 ],
     'маляр': [ 0.5833333333333334, 0.5, 0.8888888888888888, 0.3, 0.25 ],
     'мурзавецкая': [ 0.4166666666666667, 0.1, 0.8888888888888888, 0.3, 0.75 ],
     'мурзавецкий': [ 0.5833333333333334, 0.1, 0.5555555555555556, 0.3, 0.5 ],
     'павлин': 
      [ 0.6666666666666666,
        0.5,
        0.8888888888888888,
        0.3,
        0.4166666666666667 ],
     'подрядчик': [ 0.5833333333333334, 0.5, 0.8888888888888888, 0.3, 0.25 ],
     'староста': [ 0.5833333333333334, 0.5, 0.8888888888888888, 0.3, 0.25 ],
     'столяр': [ 0.5833333333333334, 0.5, 0.8888888888888888, 0.3, 0.25 ],
     'чугунов': [ 0.5833333333333334, 0.6, 0.7777777777777778, 0.3, 0.75 ] },
  'беркутов': 
   { 'анфуса': [ 0.25, 0.5, 0.8888888888888888, 0.8, 0.4166666666666667 ],
     'беркутов': [ 0, 0, 0, 0, 0 ],
     'влас': [ 0.25, 0, 0, 0.9, 0.6666666666666666 ],
     'глафира': [ 0.4166666666666667, 0.7, 0.7777777777777778, 0.6, 0.5 ],
     'горецкий': [ 0, 0, 0.3333333333333333, 0.7, 0.6666666666666666 ],
     'корнилий': [ 0.16666666666666666, 0, 0, 0.9, 0.6666666666666666 ],
     'купавина': 
      [ 0.16666666666666666,
        1,
        0.4444444444444444,
        0.1,
        0.16666666666666666 ],
     'лакей': [ 0, 0, 0, 0.8, 0.6666666666666666 ],
     'лыняев': [ 0.16666666666666666, 0.2, 1, 0.2, 0.5 ],
     'маляр': [ 0.3333333333333333, 0, 0, 0.9, 0.6666666666666666 ],
     'мурзавецкая': [ 0.6666666666666666, 0.6, 0, 0.9, 0.3333333333333333 ],
     'мурзавецкий': 
      [ 0.3333333333333333,
        0.6,
        0.3333333333333333,
        0.9,
        0.9166666666666666 ],
     'павлин': [ 0.9166666666666666, 0, 0, 0.9, 0.5 ],
     'подрядчик': [ 0.3333333333333333, 0, 0, 0.9, 0.6666666666666666 ],
     'староста': [ 0.3333333333333333, 0, 0, 0.9, 0.6666666666666666 ],
     'столяр': [ 0.3333333333333333, 0, 0, 0.9, 0.6666666666666666 ],
     'чугунов': [ 0.5, 0.1, 0.1111111111111111, 0.9, 0.5 ] },
  'влас': 
   { 'анфуса': [ 0.5, 0.5, 0.8888888888888888, 0.3, 0.25 ],
     'беркутов': [ 0.25, 0, 0, 0.9, 0.6666666666666666 ],
     'влас': [ 0, 0, 0, 0, 0 ],
     'глафира': 
      [ 0.3333333333333333,
        0.7,
        0.7777777777777778,
        0.5,
        0.16666666666666666 ],
     'горецкий': [ 0.25, 0, 0.3333333333333333, 0.2, 0 ],
     'корнилий': [ 0.4166666666666667, 0, 0, 0, 0 ],
     'купавина': [ 0.4166666666666667, 1, 0.4444444444444444, 1, 0.5 ],
     'лакей': [ 0.25, 0, 0, 0.3, 0 ],
     'лыняев': [ 0.4166666666666667, 0.2, 1, 0.7, 0.16666666666666666 ],
     'маляр': [ 0.4166666666666667, 0, 0, 0, 0 ],
     'мурзавецкая': [ 0.75, 0.6, 0, 0, 1 ],
     'мурзавецкий': [ 0.08333333333333333, 0.6, 0.3333333333333333, 0, 0.25 ],
     'павлин': [ 0.6666666666666666, 0, 0, 0, 0.3333333333333333 ],
     'подрядчик': [ 0.4166666666666667, 0, 0, 0, 0 ],
     'староста': [ 0.4166666666666667, 0, 0, 0, 0 ],
     'столяр': [ 0.4166666666666667, 0, 0, 0, 0 ],
     'чугунов': 
      [ 0.5833333333333334,
        0.1,
        0.1111111111111111,
        0,
        0.8333333333333334 ] },
  'глафира': 
   { 'анфуса': [ 0.5, 0.4, 0.3333333333333333, 0.4, 0.25 ],
     'беркутов': [ 0.4166666666666667, 0.7, 0.7777777777777778, 0.6, 0.5 ],
     'влас': 
      [ 0.3333333333333333,
        0.7,
        0.7777777777777778,
        0.5,
        0.16666666666666666 ],
     'глафира': [ 0, 0, 0, 0, 0 ],
     'горецкий': 
      [ 0.4166666666666667,
        0.7,
        0.4444444444444444,
        0.7,
        0.16666666666666666 ],
     'корнилий': 
      [ 0.4166666666666667,
        0.7,
        0.7777777777777778,
        0.5,
        0.16666666666666666 ],
     'купавина': 
      [ 0.4166666666666667,
        0.3,
        0.5555555555555556,
        0.5,
        0.3333333333333333 ],
     'лакей': 
      [ 0.4166666666666667,
        0.7,
        0.7777777777777778,
        0.4,
        0.16666666666666666 ],
     'лыняев': [ 0.5833333333333334, 0.7, 0.2222222222222222, 0.4, 0 ],
     'маляр': 
      [ 0.5833333333333334,
        0.7,
        0.7777777777777778,
        0.5,
        0.16666666666666666 ],
     'мурзавецкая': 
      [ 0.4166666666666667,
        0.5,
        0.7777777777777778,
        0.5,
        0.8333333333333334 ],
     'мурзавецкий': 
      [ 0.4166666666666667,
        0.5,
        0.8888888888888888,
        0.5,
        0.4166666666666667 ],
     'павлин': 
      [ 0.6666666666666666,
        0.7,
        0.7777777777777778,
        0.5,
        0.16666666666666666 ],
     'подрядчик': 
      [ 0.5833333333333334,
        0.7,
        0.7777777777777778,
        0.5,
        0.16666666666666666 ],
     'староста': 
      [ 0.5833333333333334,
        0.7,
        0.7777777777777778,
        0.5,
        0.16666666666666666 ],
     'столяр': 
      [ 0.5833333333333334,
        0.7,
        0.7777777777777778,
        0.5,
        0.16666666666666666 ],
     'чугунов': [ 0.75, 0.8, 0.6666666666666666, 0.5, 0.6666666666666666 ] },
  'горецкий': 
   { 'анфуса': [ 0.25, 0.5, 0.7777777777777778, 0.5, 0.25 ],
     'беркутов': [ 0, 0, 0.3333333333333333, 0.7, 0.6666666666666666 ],
     'влас': [ 0.25, 0, 0.3333333333333333, 0.2, 0 ],
     'глафира': 
      [ 0.4166666666666667,
        0.7,
        0.4444444444444444,
        0.7,
        0.16666666666666666 ],
     'горецкий': [ 0, 0, 0, 0, 0 ],
     'корнилий': [ 0.16666666666666666, 0, 0.3333333333333333, 0.2, 0 ],
     'купавина': [ 0.16666666666666666, 1, 0.5555555555555556, 0.8, 0.5 ],
     'лакей': [ 0, 0, 0.3333333333333333, 0.3, 0 ],
     'лыняев': 
      [ 0.16666666666666666,
        0.2,
        0.6666666666666666,
        0.9,
        0.16666666666666666 ],
     'маляр': [ 0.3333333333333333, 0, 0.3333333333333333, 0.2, 0 ],
     'мурзавецкая': [ 0.6666666666666666, 0.6, 0.3333333333333333, 0.2, 1 ],
     'мурзавецкий': [ 0.3333333333333333, 0.6, 0.4444444444444444, 0.2, 0.25 ],
     'павлин': 
      [ 0.9166666666666666,
        0,
        0.3333333333333333,
        0.2,
        0.3333333333333333 ],
     'подрядчик': [ 0.3333333333333333, 0, 0.3333333333333333, 0.2, 0 ],
     'староста': [ 0.3333333333333333, 0, 0.3333333333333333, 0.2, 0 ],
     'столяр': [ 0.3333333333333333, 0, 0.3333333333333333, 0.2, 0 ],
     'чугунов': [ 0.5, 0.1, 0.2222222222222222, 0.2, 0.8333333333333334 ] },
  'корнилий': 
   { 'анфуса': [ 0.4166666666666667, 0.5, 0.8888888888888888, 0.3, 0.25 ],
     'беркутов': [ 0.16666666666666666, 0, 0, 0.9, 0.6666666666666666 ],
     'влас': [ 0.4166666666666667, 0, 0, 0, 0 ],
     'глафира': 
      [ 0.4166666666666667,
        0.7,
        0.7777777777777778,
        0.5,
        0.16666666666666666 ],
     'горецкий': [ 0.16666666666666666, 0, 0.3333333333333333, 0.2, 0 ],
     'корнилий': [ 0, 0, 0, 0, 0 ],
     'купавина': [ 0.3333333333333333, 1, 0.4444444444444444, 1, 0.5 ],
     'лакей': [ 0.16666666666666666, 0, 0, 0.3, 0 ],
     'лыняев': [ 0.3333333333333333, 0.2, 1, 0.7, 0.16666666666666666 ],
     'маляр': [ 0.16666666666666666, 0, 0, 0, 0 ],
     'мурзавецкая': [ 0.6666666666666666, 0.6, 0, 0, 1 ],
     'мурзавецкий': [ 0.5, 0.6, 0.3333333333333333, 0, 0.25 ],
     'павлин': [ 0.9166666666666666, 0, 0, 0, 0.3333333333333333 ],
     'подрядчик': [ 0.16666666666666666, 0, 0, 0, 0 ],
     'староста': [ 0.16666666666666666, 0, 0, 0, 0 ],
     'столяр': [ 0.16666666666666666, 0, 0, 0, 0 ],
     'чугунов': 
      [ 0.3333333333333333,
        0.1,
        0.1111111111111111,
        0,
        0.8333333333333334 ] },
  'купавина': 
   { 'анфуса': [ 0.08333333333333333, 0.5, 0.4444444444444444, 0.7, 0.25 ],
     'беркутов': 
      [ 0.16666666666666666,
        1,
        0.4444444444444444,
        0.1,
        0.16666666666666666 ],
     'влас': [ 0.4166666666666667, 1, 0.4444444444444444, 1, 0.5 ],
     'глафира': 
      [ 0.4166666666666667,
        0.3,
        0.5555555555555556,
        0.5,
        0.3333333333333333 ],
     'горецкий': [ 0.16666666666666666, 1, 0.5555555555555556, 0.8, 0.5 ],
     'корнилий': [ 0.3333333333333333, 1, 0.4444444444444444, 1, 0.5 ],
     'купавина': [ 0, 0, 0, 0, 0 ],
     'лакей': [ 0.16666666666666666, 1, 0.4444444444444444, 0.7, 0.5 ],
     'лыняев': 
      [ 0.16666666666666666,
        0.8,
        0.5555555555555556,
        0.3,
        0.3333333333333333 ],
     'маляр': [ 0.5, 1, 0.4444444444444444, 1, 0.5 ],
     'мурзавецкая': [ 0.5, 0.4, 0.4444444444444444, 1, 0.5 ],
     'мурзавецкий': [ 0.5, 0.4, 0.5555555555555556, 1, 0.75 ],
     'павлин': [ 0.75, 1, 0.4444444444444444, 1, 0.5 ],
     'подрядчик': [ 0.5, 1, 0.4444444444444444, 1, 0.5 ],
     'староста': [ 0.5, 1, 0.4444444444444444, 1, 0.5 ],
     'столяр': [ 0.5, 1, 0.4444444444444444, 1, 0.5 ],
     'чугунов': 
      [ 0.6666666666666666,
        0.9,
        0.3333333333333333,
        1,
        0.6666666666666666 ] },
  'лакей': 
   { 'анфуса': [ 0.25, 0.5, 0.8888888888888888, 0.4, 0.25 ],
     'беркутов': [ 0, 0, 0, 0.8, 0.6666666666666666 ],
     'влас': [ 0.25, 0, 0, 0.3, 0 ],
     'глафира': 
      [ 0.4166666666666667,
        0.7,
        0.7777777777777778,
        0.4,
        0.16666666666666666 ],
     'горецкий': [ 0, 0, 0.3333333333333333, 0.3, 0 ],
     'корнилий': [ 0.16666666666666666, 0, 0, 0.3, 0 ],
     'купавина': [ 0.16666666666666666, 1, 0.4444444444444444, 0.7, 0.5 ],
     'лакей': [ 0, 0, 0, 0, 0 ],
     'лыняев': [ 0.16666666666666666, 0.2, 1, 0.8, 0.16666666666666666 ],
     'маляр': [ 0.3333333333333333, 0, 0, 0.3, 0 ],
     'мурзавецкая': [ 0.6666666666666666, 0.6, 0, 0.3, 1 ],
     'мурзавецкий': [ 0.3333333333333333, 0.6, 0.3333333333333333, 0.3, 0.25 ],
     'павлин': [ 0.9166666666666666, 0, 0, 0.3, 0.3333333333333333 ],
     'подрядчик': [ 0.3333333333333333, 0, 0, 0.3, 0 ],
     'староста': [ 0.3333333333333333, 0, 0, 0.3, 0 ],
     'столяр': [ 0.3333333333333333, 0, 0, 0.3, 0 ],
     'чугунов': [ 0.5, 0.1, 0.1111111111111111, 0.3, 0.8333333333333334 ] },
  'лыняев': 
   { 'анфуса': [ 0.08333333333333333, 0.5, 0.1111111111111111, 0.6, 0.25 ],
     'беркутов': [ 0.16666666666666666, 0.2, 1, 0.2, 0.5 ],
     'влас': [ 0.4166666666666667, 0.2, 1, 0.7, 0.16666666666666666 ],
     'глафира': [ 0.5833333333333334, 0.7, 0.2222222222222222, 0.4, 0 ],
     'горецкий': 
      [ 0.16666666666666666,
        0.2,
        0.6666666666666666,
        0.9,
        0.16666666666666666 ],
     'корнилий': [ 0.3333333333333333, 0.2, 1, 0.7, 0.16666666666666666 ],
     'купавина': 
      [ 0.16666666666666666,
        0.8,
        0.5555555555555556,
        0.3,
        0.3333333333333333 ],
     'лакей': [ 0.16666666666666666, 0.2, 1, 0.8, 0.16666666666666666 ],
     'лыняев': [ 0, 0, 0, 0, 0 ],
     'маляр': [ 0.5, 0.2, 1, 0.7, 0.16666666666666666 ],
     'мурзавецкая': [ 0.5, 0.6, 1, 0.7, 0.8333333333333334 ],
     'мурзавецкий': [ 0.5, 0.6, 0.6666666666666666, 0.7, 0.4166666666666667 ],
     'павлин': [ 0.75, 0.2, 1, 0.7, 0.16666666666666666 ],
     'подрядчик': [ 0.5, 0.2, 1, 0.7, 0.16666666666666666 ],
     'староста': [ 0.5, 0.2, 1, 0.7, 0.16666666666666666 ],
     'столяр': [ 0.5, 0.2, 1, 0.7, 0.16666666666666666 ],
     'чугунов': [ 0.5, 0.1, 0.8888888888888888, 0.7, 0.6666666666666666 ] },
  'маляр': 
   { 'анфуса': [ 0.5833333333333334, 0.5, 0.8888888888888888, 0.3, 0.25 ],
     'беркутов': [ 0.3333333333333333, 0, 0, 0.9, 0.6666666666666666 ],
     'влас': [ 0.4166666666666667, 0, 0, 0, 0 ],
     'глафира': 
      [ 0.5833333333333334,
        0.7,
        0.7777777777777778,
        0.5,
        0.16666666666666666 ],
     'горецкий': [ 0.3333333333333333, 0, 0.3333333333333333, 0.2, 0 ],
     'корнилий': [ 0.16666666666666666, 0, 0, 0, 0 ],
     'купавина': [ 0.5, 1, 0.4444444444444444, 1, 0.5 ],
     'лакей': [ 0.3333333333333333, 0, 0, 0.3, 0 ],
     'лыняев': [ 0.5, 0.2, 1, 0.7, 0.16666666666666666 ],
     'маляр': [ 0, 0, 0, 0, 0 ],
     'мурзавецкая': [ 0.8333333333333334, 0.6, 0, 0, 1 ],
     'мурзавецкий': [ 0.5, 0.6, 0.3333333333333333, 0, 0.25 ],
     'павлин': [ 0.75, 0, 0, 0, 0.3333333333333333 ],
     'подрядчик': [ 0, 0, 0, 0, 0 ],
     'староста': [ 0, 0, 0, 0, 0 ],
     'столяр': [ 0, 0, 0, 0, 0 ],
     'чугунов': 
      [ 0.16666666666666666,
        0.1,
        0.1111111111111111,
        0,
        0.8333333333333334 ] },
  'мурзавецкая': 
   { 'анфуса': [ 0.4166666666666667, 0.1, 0.8888888888888888, 0.3, 0.75 ],
     'беркутов': [ 0.6666666666666666, 0.6, 0, 0.9, 0.3333333333333333 ],
     'влас': [ 0.75, 0.6, 0, 0, 1 ],
     'глафира': 
      [ 0.4166666666666667,
        0.5,
        0.7777777777777778,
        0.5,
        0.8333333333333334 ],
     'горецкий': [ 0.6666666666666666, 0.6, 0.3333333333333333, 0.2, 1 ],
     'корнилий': [ 0.6666666666666666, 0.6, 0, 0, 1 ],
     'купавина': [ 0.5, 0.4, 0.4444444444444444, 1, 0.5 ],
     'лакей': [ 0.6666666666666666, 0.6, 0, 0.3, 1 ],
     'лыняев': [ 0.5, 0.6, 1, 0.7, 0.8333333333333334 ],
     'маляр': [ 0.8333333333333334, 0.6, 0, 0, 1 ],
     'мурзавецкая': [ 0, 0, 0, 0, 0 ],
     'мурзавецкий': [ 0.6666666666666666, 0, 0.3333333333333333, 0, 0.75 ],
     'павлин': [ 0.4166666666666667, 0.6, 0, 0, 0.6666666666666666 ],
     'подрядчик': [ 0.8333333333333334, 0.6, 0, 0, 1 ],
     'староста': [ 0.8333333333333334, 0.6, 0, 0, 1 ],
     'столяр': [ 0.8333333333333334, 0.6, 0, 0, 1 ],
     'чугунов': 
      [ 0.6666666666666666,
        0.7,
        0.1111111111111111,
        0,
        0.16666666666666666 ] },
  'мурзавецкий': 
   { 'анфуса': [ 0.5833333333333334, 0.1, 0.5555555555555556, 0.3, 0.5 ],
     'беркутов': 
      [ 0.3333333333333333,
        0.6,
        0.3333333333333333,
        0.9,
        0.9166666666666666 ],
     'влас': [ 0.08333333333333333, 0.6, 0.3333333333333333, 0, 0.25 ],
     'глафира': 
      [ 0.4166666666666667,
        0.5,
        0.8888888888888888,
        0.5,
        0.4166666666666667 ],
     'горецкий': [ 0.3333333333333333, 0.6, 0.4444444444444444, 0.2, 0.25 ],
     'корнилий': [ 0.5, 0.6, 0.3333333333333333, 0, 0.25 ],
     'купавина': [ 0.5, 0.4, 0.5555555555555556, 1, 0.75 ],
     'лакей': [ 0.3333333333333333, 0.6, 0.3333333333333333, 0.3, 0.25 ],
     'лыняев': [ 0.5, 0.6, 0.6666666666666666, 0.7, 0.4166666666666667 ],
     'маляр': [ 0.5, 0.6, 0.3333333333333333, 0, 0.25 ],
     'мурзавецкая': [ 0.6666666666666666, 0, 0.3333333333333333, 0, 0.75 ],
     'мурзавецкий': [ 0, 0, 0, 0, 0 ],
     'павлин': 
      [ 0.5833333333333334,
        0.6,
        0.3333333333333333,
        0,
        0.5833333333333334 ],
     'подрядчик': [ 0.5, 0.6, 0.3333333333333333, 0, 0.25 ],
     'староста': [ 0.5, 0.6, 0.3333333333333333, 0, 0.25 ],
     'столяр': [ 0.5, 0.6, 0.3333333333333333, 0, 0.25 ],
     'чугунов': 
      [ 0.6666666666666666,
        0.7,
        0.4444444444444444,
        0,
        0.5833333333333334 ] },
  'павлин': 
   { 'анфуса': 
      [ 0.6666666666666666,
        0.5,
        0.8888888888888888,
        0.3,
        0.4166666666666667 ],
     'беркутов': [ 0.9166666666666666, 0, 0, 0.9, 0.5 ],
     'влас': [ 0.6666666666666666, 0, 0, 0, 0.3333333333333333 ],
     'глафира': 
      [ 0.6666666666666666,
        0.7,
        0.7777777777777778,
        0.5,
        0.16666666666666666 ],
     'горецкий': 
      [ 0.9166666666666666,
        0,
        0.3333333333333333,
        0.2,
        0.3333333333333333 ],
     'корнилий': [ 0.9166666666666666, 0, 0, 0, 0.3333333333333333 ],
     'купавина': [ 0.75, 1, 0.4444444444444444, 1, 0.5 ],
     'лакей': [ 0.9166666666666666, 0, 0, 0.3, 0.3333333333333333 ],
     'лыняев': [ 0.75, 0.2, 1, 0.7, 0.16666666666666666 ],
     'маляр': [ 0.75, 0, 0, 0, 0.3333333333333333 ],
     'мурзавецкая': [ 0.4166666666666667, 0.6, 0, 0, 0.6666666666666666 ],
     'мурзавецкий': 
      [ 0.5833333333333334,
        0.6,
        0.3333333333333333,
        0,
        0.5833333333333334 ],
     'павлин': [ 0, 0, 0, 0, 0 ],
     'подрядчик': [ 0.75, 0, 0, 0, 0.3333333333333333 ],
     'староста': [ 0.75, 0, 0, 0, 0.3333333333333333 ],
     'столяр': [ 0.75, 0, 0, 0, 0.3333333333333333 ],
     'чугунов': [ 0.5833333333333334, 0.1, 0.1111111111111111, 0, 0.5 ] },
  'подрядчик': 
   { 'анфуса': [ 0.5833333333333334, 0.5, 0.8888888888888888, 0.3, 0.25 ],
     'беркутов': [ 0.3333333333333333, 0, 0, 0.9, 0.6666666666666666 ],
     'влас': [ 0.4166666666666667, 0, 0, 0, 0 ],
     'глафира': 
      [ 0.5833333333333334,
        0.7,
        0.7777777777777778,
        0.5,
        0.16666666666666666 ],
     'горецкий': [ 0.3333333333333333, 0, 0.3333333333333333, 0.2, 0 ],
     'корнилий': [ 0.16666666666666666, 0, 0, 0, 0 ],
     'купавина': [ 0.5, 1, 0.4444444444444444, 1, 0.5 ],
     'лакей': [ 0.3333333333333333, 0, 0, 0.3, 0 ],
     'лыняев': [ 0.5, 0.2, 1, 0.7, 0.16666666666666666 ],
     'маляр': [ 0, 0, 0, 0, 0 ],
     'мурзавецкая': [ 0.8333333333333334, 0.6, 0, 0, 1 ],
     'мурзавецкий': [ 0.5, 0.6, 0.3333333333333333, 0, 0.25 ],
     'павлин': [ 0.75, 0, 0, 0, 0.3333333333333333 ],
     'подрядчик': [ 0, 0, 0, 0, 0 ],
     'староста': [ 0, 0, 0, 0, 0 ],
     'столяр': [ 0, 0, 0, 0, 0 ],
     'чугунов': 
      [ 0.16666666666666666,
        0.1,
        0.1111111111111111,
        0,
        0.8333333333333334 ] },
  'староста': 
   { 'анфуса': [ 0.5833333333333334, 0.5, 0.8888888888888888, 0.3, 0.25 ],
     'беркутов': [ 0.3333333333333333, 0, 0, 0.9, 0.6666666666666666 ],
     'влас': [ 0.4166666666666667, 0, 0, 0, 0 ],
     'глафира': 
      [ 0.5833333333333334,
        0.7,
        0.7777777777777778,
        0.5,
        0.16666666666666666 ],
     'горецкий': [ 0.3333333333333333, 0, 0.3333333333333333, 0.2, 0 ],
     'корнилий': [ 0.16666666666666666, 0, 0, 0, 0 ],
     'купавина': [ 0.5, 1, 0.4444444444444444, 1, 0.5 ],
     'лакей': [ 0.3333333333333333, 0, 0, 0.3, 0 ],
     'лыняев': [ 0.5, 0.2, 1, 0.7, 0.16666666666666666 ],
     'маляр': [ 0, 0, 0, 0, 0 ],
     'мурзавецкая': [ 0.8333333333333334, 0.6, 0, 0, 1 ],
     'мурзавецкий': [ 0.5, 0.6, 0.3333333333333333, 0, 0.25 ],
     'павлин': [ 0.75, 0, 0, 0, 0.3333333333333333 ],
     'подрядчик': [ 0, 0, 0, 0, 0 ],
     'староста': [ 0, 0, 0, 0, 0 ],
     'столяр': [ 0, 0, 0, 0, 0 ],
     'чугунов': 
      [ 0.16666666666666666,
        0.1,
        0.1111111111111111,
        0,
        0.8333333333333334 ] },
  'столяр': 
   { 'анфуса': [ 0.5833333333333334, 0.5, 0.8888888888888888, 0.3, 0.25 ],
     'беркутов': [ 0.3333333333333333, 0, 0, 0.9, 0.6666666666666666 ],
     'влас': [ 0.4166666666666667, 0, 0, 0, 0 ],
     'глафира': 
      [ 0.5833333333333334,
        0.7,
        0.7777777777777778,
        0.5,
        0.16666666666666666 ],
     'горецкий': [ 0.3333333333333333, 0, 0.3333333333333333, 0.2, 0 ],
     'корнилий': [ 0.16666666666666666, 0, 0, 0, 0 ],
     'купавина': [ 0.5, 1, 0.4444444444444444, 1, 0.5 ],
     'лакей': [ 0.3333333333333333, 0, 0, 0.3, 0 ],
     'лыняев': [ 0.5, 0.2, 1, 0.7, 0.16666666666666666 ],
     'маляр': [ 0, 0, 0, 0, 0 ],
     'мурзавецкая': [ 0.8333333333333334, 0.6, 0, 0, 1 ],
     'мурзавецкий': [ 0.5, 0.6, 0.3333333333333333, 0, 0.25 ],
     'павлин': [ 0.75, 0, 0, 0, 0.3333333333333333 ],
     'подрядчик': [ 0, 0, 0, 0, 0 ],
     'староста': [ 0, 0, 0, 0, 0 ],
     'столяр': [ 0, 0, 0, 0, 0 ],
     'чугунов': 
      [ 0.16666666666666666,
        0.1,
        0.1111111111111111,
        0,
        0.8333333333333334 ] },
  'чугунов': 
   { 'анфуса': [ 0.5833333333333334, 0.6, 0.7777777777777778, 0.3, 0.75 ],
     'беркутов': [ 0.5, 0.1, 0.1111111111111111, 0.9, 0.5 ],
     'влас': 
      [ 0.5833333333333334,
        0.1,
        0.1111111111111111,
        0,
        0.8333333333333334 ],
     'глафира': [ 0.75, 0.8, 0.6666666666666666, 0.5, 0.6666666666666666 ],
     'горецкий': [ 0.5, 0.1, 0.2222222222222222, 0.2, 0.8333333333333334 ],
     'корнилий': 
      [ 0.3333333333333333,
        0.1,
        0.1111111111111111,
        0,
        0.8333333333333334 ],
     'купавина': 
      [ 0.6666666666666666,
        0.9,
        0.3333333333333333,
        1,
        0.6666666666666666 ],
     'лакей': [ 0.5, 0.1, 0.1111111111111111, 0.3, 0.8333333333333334 ],
     'лыняев': [ 0.5, 0.1, 0.8888888888888888, 0.7, 0.6666666666666666 ],
     'маляр': 
      [ 0.16666666666666666,
        0.1,
        0.1111111111111111,
        0,
        0.8333333333333334 ],
     'мурзавецкая': 
      [ 0.6666666666666666,
        0.7,
        0.1111111111111111,
        0,
        0.16666666666666666 ],
     'мурзавецкий': 
      [ 0.6666666666666666,
        0.7,
        0.4444444444444444,
        0,
        0.5833333333333334 ],
     'павлин': [ 0.5833333333333334, 0.1, 0.1111111111111111, 0, 0.5 ],
     'подрядчик': 
      [ 0.16666666666666666,
        0.1,
        0.1111111111111111,
        0,
        0.8333333333333334 ],
     'староста': 
      [ 0.16666666666666666,
        0.1,
        0.1111111111111111,
        0,
        0.8333333333333334 ],
     'столяр': 
      [ 0.16666666666666666,
        0.1,
        0.1111111111111111,
        0,
        0.8333333333333334 ],
     'чугунов': [ 0, 0, 0, 0, 0 ] } } 



distances in whole drama { 'анфуса': 
   { 'анфуса': 0,
     'беркутов': 0.5471698113207547,
     'влас': 0.4716981132075472,
     'глафира': 0.37735849056603776,
     'горецкий': 0.4339622641509434,
     'корнилий': 0.4528301886792453,
     'купавина': 0.37735849056603776,
     'лакей': 0.4339622641509434,
     'лыняев': 0.3018867924528302,
     'маляр': 0.49056603773584906,
     'мурзавецкая': 0.49056603773584906,
     'мурзавецкий': 0.41509433962264153,
     'павлин': 0.5471698113207547,
     'подрядчик': 0.49056603773584906,
     'староста': 0.49056603773584906,
     'столяр': 0.49056603773584906,
     'чугунов': 0.6037735849056604 },
  'беркутов': 
   { 'анфуса': 0.5471698113207547,
     'беркутов': 0,
     'влас': 0.37735849056603776,
     'глафира': 0.5849056603773585,
     'горецкий': 0.33962264150943394,
     'корнилий': 0.3584905660377358,
     'купавина': 0.3584905660377358,
     'лакей': 0.3018867924528302,
     'лыняев': 0.39622641509433965,
     'маляр': 0.39622641509433965,
     'мурзавецкая': 0.5094339622641509,
     'мурзавецкий': 0.6226415094339622,
     'павлин': 0.49056603773584906,
     'подрядчик': 0.39622641509433965,
     'староста': 0.39622641509433965,
     'столяр': 0.39622641509433965,
     'чугунов': 0.4339622641509434 },
  'влас': 
   { 'анфуса': 0.4716981132075472,
     'беркутов': 0.37735849056603776,
     'влас': 0,
     'глафира': 0.4716981132075472,
     'горецкий': 0.1509433962264151,
     'корнилий': 0.09433962264150944,
     'купавина': 0.660377358490566,
     'лакей': 0.11320754716981132,
     'лыняев': 0.4716981132075472,
     'маляр': 0.09433962264150944,
     'мурзавецкая': 0.5094339622641509,
     'мурзавецкий': 0.24528301886792453,
     'павлин': 0.22641509433962265,
     'подрядчик': 0.09433962264150944,
     'староста': 0.09433962264150944,
     'столяр': 0.09433962264150944,
     'чугунов': 0.3584905660377358 },
  'глафира': 
   { 'анфуса': 0.37735849056603776,
     'беркутов': 0.5849056603773585,
     'влас': 0.4716981132075472,
     'глафира': 0,
     'горецкий': 0.4716981132075472,
     'корнилий': 0.49056603773584906,
     'купавина': 0.41509433962264153,
     'лакей': 0.4716981132075472,
     'лыняев': 0.37735849056603776,
     'маляр': 0.5283018867924528,
     'мурзавецкая': 0.6037735849056604,
     'мурзавецкий': 0.5283018867924528,
     'павлин': 0.5471698113207547,
     'подрядчик': 0.5283018867924528,
     'староста': 0.5283018867924528,
     'столяр': 0.5283018867924528,
     'чугунов': 0.6792452830188679 },
  'горецкий': 
   { 'анфуса': 0.4339622641509434,
     'беркутов': 0.33962264150943394,
     'влас': 0.1509433962264151,
     'глафира': 0.4716981132075472,
     'горецкий': 0,
     'корнилий': 0.1320754716981132,
     'купавина': 0.5849056603773585,
     'лакей': 0.11320754716981132,
     'лыняев': 0.39622641509433965,
     'маляр': 0.16981132075471697,
     'мурзавецкая': 0.5849056603773585,
     'мурзавецкий': 0.3584905660377358,
     'павлин': 0.37735849056603776,
     'подрядчик': 0.16981132075471697,
     'староста': 0.16981132075471697,
     'столяр': 0.16981132075471697,
     'чугунов': 0.39622641509433965 },
  'корнилий': 
   { 'анфуса': 0.4528301886792453,
     'беркутов': 0.3584905660377358,
     'влас': 0.09433962264150944,
     'глафира': 0.49056603773584906,
     'горецкий': 0.1320754716981132,
     'корнилий': 0,
     'купавина': 0.6415094339622641,
     'лакей': 0.09433962264150944,
     'лыняев': 0.4528301886792453,
     'маляр': 0.03773584905660377,
     'мурзавецкая': 0.49056603773584906,
     'мурзавецкий': 0.33962264150943394,
     'павлин': 0.2830188679245283,
     'подрядчик': 0.03773584905660377,
     'староста': 0.03773584905660377,
     'столяр': 0.03773584905660377,
     'чугунов': 0.3018867924528302 },
  'купавина': 
   { 'анфуса': 0.37735849056603776,
     'беркутов': 0.3584905660377358,
     'влас': 0.660377358490566,
     'глафира': 0.41509433962264153,
     'горецкий': 0.5849056603773585,
     'корнилий': 0.6415094339622641,
     'купавина': 0,
     'лакей': 0.5471698113207547,
     'лыняев': 0.41509433962264153,
     'маляр': 0.6792452830188679,
     'мурзавецкая': 0.5660377358490566,
     'мурзавецкий': 0.6415094339622641,
     'павлин': 0.7358490566037735,
     'подрядчик': 0.6792452830188679,
     'староста': 0.6792452830188679,
     'столяр': 0.6792452830188679,
     'чугунов': 0.7169811320754716 },
  'лакей': 
   { 'анфуса': 0.4339622641509434,
     'беркутов': 0.3018867924528302,
     'влас': 0.11320754716981132,
     'глафира': 0.4716981132075472,
     'горецкий': 0.11320754716981132,
     'корнилий': 0.09433962264150944,
     'купавина': 0.5471698113207547,
     'лакей': 0,
     'лыняев': 0.4339622641509434,
     'маляр': 0.1320754716981132,
     'мурзавецкая': 0.5471698113207547,
     'мурзавецкий': 0.3584905660377358,
     'павлин': 0.33962264150943394,
     'подрядчик': 0.1320754716981132,
     'староста': 0.1320754716981132,
     'столяр': 0.1320754716981132,
     'чугунов': 0.39622641509433965 },
  'лыняев': 
   { 'анфуса': 0.3018867924528302,
     'беркутов': 0.39622641509433965,
     'влас': 0.4716981132075472,
     'глафира': 0.37735849056603776,
     'горецкий': 0.39622641509433965,
     'корнилий': 0.4528301886792453,
     'купавина': 0.41509433962264153,
     'лакей': 0.4339622641509434,
     'лыняев': 0,
     'маляр': 0.49056603773584906,
     'мурзавецкая': 0.7169811320754716,
     'мурзавецкий': 0.5660377358490566,
     'павлин': 0.5471698113207547,
     'подрядчик': 0.49056603773584906,
     'староста': 0.49056603773584906,
     'столяр': 0.49056603773584906,
     'чугунов': 0.5660377358490566 },
  'маляр': 
   { 'анфуса': 0.49056603773584906,
     'беркутов': 0.39622641509433965,
     'влас': 0.09433962264150944,
     'глафира': 0.5283018867924528,
     'горецкий': 0.16981132075471697,
     'корнилий': 0.03773584905660377,
     'купавина': 0.6792452830188679,
     'лакей': 0.1320754716981132,
     'лыняев': 0.49056603773584906,
     'маляр': 0,
     'мурзавецкая': 0.5283018867924528,
     'мурзавецкий': 0.33962264150943394,
     'павлин': 0.24528301886792453,
     'подрядчик': 0,
     'староста': 0,
     'столяр': 0,
     'чугунов': 0.2641509433962264 },
  'мурзавецкая': 
   { 'анфуса': 0.49056603773584906,
     'беркутов': 0.5094339622641509,
     'влас': 0.5094339622641509,
     'глафира': 0.6037735849056604,
     'горецкий': 0.5849056603773585,
     'корнилий': 0.49056603773584906,
     'купавина': 0.5660377358490566,
     'лакей': 0.5471698113207547,
     'лыняев': 0.7169811320754716,
     'маляр': 0.5283018867924528,
     'мурзавецкая': 0,
     'мурзавецкий': 0.37735849056603776,
     'павлин': 0.3584905660377358,
     'подрядчик': 0.5283018867924528,
     'староста': 0.5283018867924528,
     'столяр': 0.5283018867924528,
     'чугунов': 0.33962264150943394 },
  'мурзавецкий': 
   { 'анфуса': 0.41509433962264153,
     'беркутов': 0.6226415094339622,
     'влас': 0.24528301886792453,
     'глафира': 0.5283018867924528,
     'горецкий': 0.3584905660377358,
     'корнилий': 0.33962264150943394,
     'купавина': 0.6415094339622641,
     'лакей': 0.3584905660377358,
     'лыняев': 0.5660377358490566,
     'маляр': 0.33962264150943394,
     'мурзавецкая': 0.37735849056603776,
     'мурзавецкий': 0,
     'павлин': 0.4339622641509434,
     'подрядчик': 0.33962264150943394,
     'староста': 0.33962264150943394,
     'столяр': 0.33962264150943394,
     'чугунов': 0.49056603773584906 },
  'павлин': 
   { 'анфуса': 0.5471698113207547,
     'беркутов': 0.49056603773584906,
     'влас': 0.22641509433962265,
     'глафира': 0.5471698113207547,
     'горецкий': 0.37735849056603776,
     'корнилий': 0.2830188679245283,
     'купавина': 0.7358490566037735,
     'лакей': 0.33962264150943394,
     'лыняев': 0.5471698113207547,
     'маляр': 0.24528301886792453,
     'мурзавецкая': 0.3584905660377358,
     'мурзавецкий': 0.4339622641509434,
     'павлин': 0,
     'подрядчик': 0.24528301886792453,
     'староста': 0.24528301886792453,
     'столяр': 0.24528301886792453,
     'чугунов': 0.2830188679245283 },
  'подрядчик': 
   { 'анфуса': 0.49056603773584906,
     'беркутов': 0.39622641509433965,
     'влас': 0.09433962264150944,
     'глафира': 0.5283018867924528,
     'горецкий': 0.16981132075471697,
     'корнилий': 0.03773584905660377,
     'купавина': 0.6792452830188679,
     'лакей': 0.1320754716981132,
     'лыняев': 0.49056603773584906,
     'маляр': 0,
     'мурзавецкая': 0.5283018867924528,
     'мурзавецкий': 0.33962264150943394,
     'павлин': 0.24528301886792453,
     'подрядчик': 0,
     'староста': 0,
     'столяр': 0,
     'чугунов': 0.2641509433962264 },
  'староста': 
   { 'анфуса': 0.49056603773584906,
     'беркутов': 0.39622641509433965,
     'влас': 0.09433962264150944,
     'глафира': 0.5283018867924528,
     'горецкий': 0.16981132075471697,
     'корнилий': 0.03773584905660377,
     'купавина': 0.6792452830188679,
     'лакей': 0.1320754716981132,
     'лыняев': 0.49056603773584906,
     'маляр': 0,
     'мурзавецкая': 0.5283018867924528,
     'мурзавецкий': 0.33962264150943394,
     'павлин': 0.24528301886792453,
     'подрядчик': 0,
     'староста': 0,
     'столяр': 0,
     'чугунов': 0.2641509433962264 },
  'столяр': 
   { 'анфуса': 0.49056603773584906,
     'беркутов': 0.39622641509433965,
     'влас': 0.09433962264150944,
     'глафира': 0.5283018867924528,
     'горецкий': 0.16981132075471697,
     'корнилий': 0.03773584905660377,
     'купавина': 0.6792452830188679,
     'лакей': 0.1320754716981132,
     'лыняев': 0.49056603773584906,
     'маляр': 0,
     'мурзавецкая': 0.5283018867924528,
     'мурзавецкий': 0.33962264150943394,
     'павлин': 0.24528301886792453,
     'подрядчик': 0,
     'староста': 0,
     'столяр': 0,
     'чугунов': 0.2641509433962264 },
  'чугунов': 
   { 'анфуса': 0.6037735849056604,
     'беркутов': 0.4339622641509434,
     'влас': 0.3584905660377358,
     'глафира': 0.6792452830188679,
     'горецкий': 0.39622641509433965,
     'корнилий': 0.3018867924528302,
     'купавина': 0.7169811320754716,
     'лакей': 0.39622641509433965,
     'лыняев': 0.5660377358490566,
     'маляр': 0.2641509433962264,
     'мурзавецкая': 0.33962264150943394,
     'мурзавецкий': 0.49056603773584906,
     'павлин': 0.2830188679245283,
     'подрядчик': 0.2641509433962264,
     'староста': 0.2641509433962264,
     'столяр': 0.2641509433962264,
     'чугунов': 0 } } 



frequences personal { 'анфуса': 0.41509433962264153,
  'беркутов': 0.32075471698113206,
  'влас': 0.05660377358490566,
  'глафира': 0.49056603773584906,
  'горецкий': 0.09433962264150944,
  'корнилий': 0.03773584905660377,
  'купавина': 0.6037735849056604,
  'лакей': 0.05660377358490566,
  'лыняев': 0.41509433962264153,
  'маляр': 0.07547169811320754,
  'мурзавецкая': 0.49056603773584906,
  'мурзавецкий': 0.3018867924528302,
  'павлин': 0.2830188679245283,
  'подрядчик': 0.07547169811320754,
  'староста': 0.07547169811320754,
  'столяр': 0.07547169811320754,
  'чугунов': 0.33962264150943394 } 



frequencies mutual { 'анфуса': 
   { 'анфуса': 1,
     'беркутов': 0.29411764705882354,
     'влас': 0,
     'глафира': 0.5384615384615384,
     'горецкий': 0.4,
     'корнилий': 0,
     'купавина': 0.53125,
     'лакей': 0.3333333333333333,
     'лыняев': 0.6363636363636364,
     'маляр': 0,
     'мурзавецкая': 0.4230769230769231,
     'мурзавецкий': 0.5,
     'павлин': 0.26666666666666666,
     'подрядчик': 0,
     'староста': 0,
     'столяр': 0,
     'чугунов': 0.2222222222222222 },
  'беркутов': 
   { 'анфуса': 0.22727272727272727,
     'беркутов': 1,
     'влас': 0,
     'глафира': 0.23076923076923078,
     'горецкий': 0.4,
     'корнилий': 0,
     'купавина': 0.46875,
     'лакей': 0.6666666666666666,
     'лыняев': 0.4090909090909091,
     'маляр': 0,
     'мурзавецкая': 0.3076923076923077,
     'мурзавецкий': 0,
     'павлин': 0.2,
     'подрядчик': 0,
     'староста': 0,
     'столяр': 0,
     'чугунов': 0.3333333333333333 },
  'влас': 
   { 'анфуса': 0,
     'беркутов': 0,
     'влас': 1,
     'глафира': 0.07692307692307693,
     'горецкий': 0,
     'корнилий': 0,
     'купавина': 0,
     'лакей': 0,
     'лыняев': 0,
     'маляр': 0.25,
     'мурзавецкая': 0.038461538461538464,
     'мурзавецкий': 0.1875,
     'павлин': 0.2,
     'подрядчик': 0.25,
     'староста': 0.25,
     'столяр': 0.25,
     'чугунов': 0.05555555555555555 },
  'глафира': 
   { 'анфуса': 0.6363636363636364,
     'беркутов': 0.35294117647058826,
     'влас': 0.6666666666666666,
     'глафира': 1,
     'горецкий': 0.6,
     'корнилий': 0.5,
     'купавина': 0.5625,
     'лакей': 0.6666666666666666,
     'лыняев': 0.6363636363636364,
     'маляр': 0.25,
     'мурзавецкая': 0.38461538461538464,
     'мурзавецкий': 0.4375,
     'павлин': 0.4,
     'подрядчик': 0.25,
     'староста': 0.25,
     'столяр': 0.25,
     'чугунов': 0.2222222222222222 },
  'горецкий': 
   { 'анфуса': 0.09090909090909091,
     'беркутов': 0.11764705882352941,
     'влас': 0,
     'глафира': 0.11538461538461539,
     'горецкий': 1,
     'корнилий': 0,
     'купавина': 0.09375,
     'лакей': 0.3333333333333333,
     'лыняев': 0.13636363636363635,
     'маляр': 0,
     'мурзавецкая': 0,
     'мурзавецкий': 0.0625,
     'павлин': 0,
     'подрядчик': 0,
     'староста': 0,
     'столяр': 0,
     'чугунов': 0.05555555555555555 },
  'корнилий': 
   { 'анфуса': 0,
     'беркутов': 0,
     'влас': 0,
     'глафира': 0.038461538461538464,
     'горецкий': 0,
     'корнилий': 1,
     'купавина': 0,
     'лакей': 0,
     'лыняев': 0,
     'маляр': 0.5,
     'мурзавецкая': 0.038461538461538464,
     'мурзавецкий': 0,
     'павлин': 0.06666666666666667,
     'подрядчик': 0.5,
     'староста': 0.5,
     'столяр': 0.5,
     'чугунов': 0.1111111111111111 },
  'купавина': 
   { 'анфуса': 0.7727272727272727,
     'беркутов': 0.8823529411764706,
     'влас': 0,
     'глафира': 0.6923076923076923,
     'горецкий': 0.6,
     'корнилий': 0,
     'купавина': 1,
     'лакей': 1,
     'лыняев': 0.7272727272727273,
     'маляр': 0,
     'мурзавецкая': 0.5384615384615384,
     'мурзавецкий': 0.4375,
     'павлин': 0.26666666666666666,
     'подрядчик': 0,
     'староста': 0,
     'столяр': 0,
     'чугунов': 0.3333333333333333 },
  'лакей': 
   { 'анфуса': 0.045454545454545456,
     'беркутов': 0.11764705882352941,
     'влас': 0,
     'глафира': 0.07692307692307693,
     'горецкий': 0.2,
     'корнилий': 0,
     'купавина': 0.09375,
     'лакей': 1,
     'лыняев': 0.045454545454545456,
     'маляр': 0,
     'мурзавецкая': 0,
     'мурзавецкий': 0,
     'павлин': 0,
     'подрядчик': 0,
     'староста': 0,
     'столяр': 0,
     'чугунов': 0 },
  'лыняев': 
   { 'анфуса': 0.6363636363636364,
     'беркутов': 0.5294117647058824,
     'влас': 0,
     'глафира': 0.5384615384615384,
     'горецкий': 0.6,
     'корнилий': 0,
     'купавина': 0.5,
     'лакей': 0.3333333333333333,
     'лыняев': 1,
     'маляр': 0,
     'мурзавецкая': 0.19230769230769232,
     'мурзавецкий': 0.25,
     'павлин': 0.26666666666666666,
     'подрядчик': 0,
     'староста': 0,
     'столяр': 0,
     'чугунов': 0.2777777777777778 },
  'маляр': 
   { 'анфуса': 0,
     'беркутов': 0,
     'влас': 0.3333333333333333,
     'глафира': 0.038461538461538464,
     'горецкий': 0,
     'корнилий': 1,
     'купавина': 0,
     'лакей': 0,
     'лыняев': 0,
     'маляр': 1,
     'мурзавецкая': 0.038461538461538464,
     'мурзавецкий': 0.0625,
     'павлин': 0.2,
     'подрядчик': 1,
     'староста': 1,
     'столяр': 1,
     'чугунов': 0.2222222222222222 },
  'мурзавецкая': 
   { 'анфуса': 0.5,
     'беркутов': 0.47058823529411764,
     'влас': 0.3333333333333333,
     'глафира': 0.38461538461538464,
     'горецкий': 0,
     'корнилий': 0.5,
     'купавина': 0.4375,
     'лакей': 0,
     'лыняев': 0.22727272727272727,
     'маляр': 0.25,
     'мурзавецкая': 1,
     'мурзавецкий': 0.6875,
     'павлин': 0.7333333333333333,
     'подрядчик': 0.25,
     'староста': 0.25,
     'столяр': 0.25,
     'чугунов': 0.7222222222222222 },
  'мурзавецкий': 
   { 'анфуса': 0.36363636363636365,
     'беркутов': 0,
     'влас': 1,
     'глафира': 0.2692307692307692,
     'горецкий': 0.2,
     'корнилий': 0,
     'купавина': 0.21875,
     'лакей': 0,
     'лыняев': 0.18181818181818182,
     'маляр': 0.25,
     'мурзавецкая': 0.4230769230769231,
     'мурзавецкий': 1,
     'павлин': 0.26666666666666666,
     'подрядчик': 0.25,
     'староста': 0.25,
     'столяр': 0.25,
     'чугунов': 0.2222222222222222 },
  'павлин': 
   { 'анфуса': 0.18181818181818182,
     'беркутов': 0.17647058823529413,
     'влас': 1,
     'глафира': 0.23076923076923078,
     'горецкий': 0,
     'корнилий': 0.5,
     'купавина': 0.125,
     'лакей': 0,
     'лыняев': 0.18181818181818182,
     'маляр': 0.75,
     'мурзавецкая': 0.4230769230769231,
     'мурзавецкий': 0.25,
     'павлин': 1,
     'подрядчик': 0.75,
     'староста': 0.75,
     'столяр': 0.75,
     'чугунов': 0.5 },
  'подрядчик': 
   { 'анфуса': 0,
     'беркутов': 0,
     'влас': 0.3333333333333333,
     'глафира': 0.038461538461538464,
     'горецкий': 0,
     'корнилий': 1,
     'купавина': 0,
     'лакей': 0,
     'лыняев': 0,
     'маляр': 1,
     'мурзавецкая': 0.038461538461538464,
     'мурзавецкий': 0.0625,
     'павлин': 0.2,
     'подрядчик': 1,
     'староста': 1,
     'столяр': 1,
     'чугунов': 0.2222222222222222 },
  'староста': 
   { 'анфуса': 0,
     'беркутов': 0,
     'влас': 0.3333333333333333,
     'глафира': 0.038461538461538464,
     'горецкий': 0,
     'корнилий': 1,
     'купавина': 0,
     'лакей': 0,
     'лыняев': 0,
     'маляр': 1,
     'мурзавецкая': 0.038461538461538464,
     'мурзавецкий': 0.0625,
     'павлин': 0.2,
     'подрядчик': 1,
     'староста': 1,
     'столяр': 1,
     'чугунов': 0.2222222222222222 },
  'столяр': 
   { 'анфуса': 0,
     'беркутов': 0,
     'влас': 0.3333333333333333,
     'глафира': 0.038461538461538464,
     'горецкий': 0,
     'корнилий': 1,
     'купавина': 0,
     'лакей': 0,
     'лыняев': 0,
     'маляр': 1,
     'мурзавецкая': 0.038461538461538464,
     'мурзавецкий': 0.0625,
     'павлин': 0.2,
     'подрядчик': 1,
     'староста': 1,
     'столяр': 1,
     'чугунов': 0.2222222222222222 },
  'чугунов': 
   { 'анфуса': 0.18181818181818182,
     'беркутов': 0.35294117647058826,
     'влас': 0.3333333333333333,
     'глафира': 0.15384615384615385,
     'горецкий': 0.2,
     'корнилий': 1,
     'купавина': 0.1875,
     'лакей': 0,
     'лыняев': 0.22727272727272727,
     'маляр': 1,
     'мурзавецкая': 0.5,
     'мурзавецкий': 0.25,
     'павлин': 0.6,
     'подрядчик': 1,
     'староста': 1,
     'столяр': 1,
     'чугунов': 1 } } 



